AA 55 40 01 00 B7 00 0C 01 05 01 21 01 00 0B 7E 42 32 1D 04 04 00 9C 47 50 53 3A 00 00 00 00 E2 63 E8 3F 3A F8 04 B3 95 D8 08 3F BB C8 B8 B2 F2 01 E5 43 00 21 00 00 1D A4 05 00 29 C2 04 00 40 C3 24 3D 12 66 F9 3D 8E 33 05 41 00 00 00 00 14 23 13 1F 09 16 21 17 18 1E 00 00 00 00 00 00 00 00 00 00 00 00 00 00 23 1B 24 26 20 24 1D 19 20 1D 00 00 62 33 00 00 9B 7B 00 00 34 84 00 00 40 83 00 00 33 83 00 00 7A 83 00 00 04 82 00 00 5B 1F 00 00 74 66 00 00 A8 57 00 00 00 00 00 00 9E 8C 00 00 34 84 00 00 1C 1E 55 3D 62 C9 FF 3B 6F 0C 05 41 AC 8F 77 EE 
AA 55 40 01 00 B7 00 0C 01 05 01 21 01 00 0B 7E 42 32 10 04 04 00 9C 47 50 53 3A 00 00 00 00 BC 64 E8 3F 76 2E FF 32 BC D8 08 3F C2 BE C9 B2 11 2D EC 43 00 21 00 00 B5 3A 01 00 F4 86 00 00 6C 16 B0 3E 5D 5D 92 3E 24 66 9A 40 00 00 00 00 1F 16 13 17 09 11 1E 20 00 00 00 00 00 00 00 00 00 00 00 00 00 00 00 00 27 20 20 1E 25 19 23 1D 18 1D 00 00 52 36 00 00 01 15 00 00 E4 12 00 00 70 35 00 00 67 1A 00 00 5D 05 00 00 97 28 00 00 95 17 00 00 00 00 00 00 00 00 00 00 00 00 00 00 9F 8C 00 00 4E 37 00 00 BC DF A6 3E 79 A2 9F 3E B7 F1 8C 40 AC 90 77 EE 
AA 55 40 01 00 B7 00 0C 01 05 01 21 01 00 0B 7E 42 31 D6 04 04 00 9C 47 50 53 3A 00 00 00 00 D2 65 E8 3F 31 0D D8 30 B2 D8 08 3F 96 96 D4 B1 2A 56 EC 43 00 21 00 00 DA 9F 04 00 06 C4 03 00 8D B6 88 3D 76 BB EB 3D 18 45 CD 40 00 00 00 00 0E 13 0B 20 16 17 09 1F 1E 21 00 00 00 00 00 00 00 00 00 00 00 00 00 00 1F 22 20 1E 22 1F 29 20 20 22 00 00 C5 3D 00 00 D4 75 00 00 06 12 00 00 C2 75 00 00 46 78 00 00 FF 6D 00 00 80 77 00 00 58 56 00 00 71 61 00 00 8C 64 00 00 00 00 00 00 A3 8C 00 00 5F 7B 00 00 42 40 31 3D 54 08 AF 3D 86 E4 01 41 F5 94 77 EE 
AA 55 40 01 00 B7 00 0C 01 05 01 21 01 00 0B 7E 42 31 C9 04 04 00 9C 47 50 53 3A 00 00 00 00 44 65 E8 3F 67 1B 95 32 2F DA 08 3F 68 FF C3 B2 0A 63 E7 43 00 21 00 00 A1 16 06 00 16 B5 05 00 B0 15 B2 3C 0D AF 19 3D 94 8A 04 41 00 00 00 00 23 1E 13 21 20 16 14 09 0B 1F 00 00 00 00 00 00 00 00 00 00 00 00 00 00 1C 18 24 23 22 24 20 27 1E 22 00 00 98 83 00 00 A8 01 00 00 5F 83 00 00 66 82 00 00 B1 81 00 00 98 83 00 00 28 1E 00 00 10 82 00 00 56 48 00 00 24 63 00 00 FF FF FF FF 9F 8C 00 00 98 83 00 00 2A BC 5C 3C 1E 21 51 3D D8 D6 04 41 23 A5 77 EE 
AA 55 40 01 00 B7 00 0C 01 06 01 21 01 00 0B 7E 42 31 7C 04 04 00 9C 47 50 53 3A 00 00 00 00 32 65 E8 3F 45 D4 A8 B1 0E DD 08 3F 3B 30 8B 32 CF A9 E9 43 00 22 00 00 A3 16 06 00 E7 7C 05 00 CE D0 47 3D E4 7E 45 3D 08 AF CB 40 00 00 00 00 0E 16 09 17 11 20 1F 0B 1E 00 00 00 00 00 00 00 00 00 00 00 00 00 00 00 1C 20 28 22 1A 1E 28 1C 27 23 00 00 10 12 00 00 F7 6F 00 00 B6 75 00 00 51 6D 00 00 18 11 00 00 A2 75 00 00 B3 75 00 00 85 27 00 00 D2 68 00 00 00 00 00 00 FF FF FF FF 9F 8C 00 00 B6 75 00 00 3A C1 24 3C 38 4C 1E 3E 88 ED CC 40 C1 04 77 EE 
AA 55 40 01 00 B7 00 0C 01 05 01 21 01 00 0B 7E 42 31 36 04 04 00 9C 47 50 53 3A 00 00 00 00 C4 64 E8 3F CB 76 24 33 B2 DD 08 3F 33 93 6F B2 13 62 EA 43 00 20 00 00 D0 16 06 00 FB 1E 05 00 E8 DC 66 3D A8 90 DF 3D C6 3D F7 40 00 00 00 00 1F 16 09 0E 17 13 20 21 14 0B 00 00 00 00 00 00 00 00 00 00 00 00 00 00 26 22 26 1F 1E 21 1F 1B 18 1C 00 00 F7 79 00 00 F3 79 00 00 E3 78 00 00 41 0C 00 00 B5 51 00 00 AC 77 00 00 1D 69 00 00 5F 29 00 00 A1 05 00 00 94 0B 00 00 FF FF FF FF 9F 8C 00 00 FA 79 00 00 57 4F B5 3D 01 6E 8D 3D 72 B1 C2 40 1E 32 77 EE 
AA 55 40 01 00 B7 00 0C 01 05 01 21 01 00 0B 7E 42 32 0F 04 04 00 9C 47 50 53 3A 00 00 00 00 00 00 00 00 00 00 00 00 00 00 00 00 00 00 00 00 00 00 00 00 00 24 00 00 77 02 00 00 00 00 00 00 00 00 00 00 00 00 00 00 00 00 80 40 00 00 00 00 17 1F 0B 09 00 00 00 00 00 00 00 00 00 00 00 00 00 00 00 00 00 00 00 00 1F 21 2B 28 28 2B 24 1E 23 17 00 00 0B 00 00 00 0B 00 00 00 0B 00 00 00 0B 00 00 00 00 00 00 00 00 00 00 00 00 00 00 00 00 00 00 00 00 00 00 00 00 00 00 00 00 00 00 00 77 02 00 00 00 00 00 00 00 00 00 00 00 00 00 00 00 00 80 40 DD 27 77 EE 
AA 55 40 01 00 B7 00 0C 01 05 01 21 01 00 0B 7E 42 31 D3 04 04 00 9C 47 50 53 3A 00 00 00 00 C7 66 E8 3F 07 74 07 B3 A3 E0 08 3F 62 07 C0 B2 67 E7 F4 43 00 20 00 00 A2 16 06 00 CD B4 04 00 F4 20 B0 3D B0 28 15 3E C4 D8 E4 40 00 00 00 00 17 11 13 23 0B 16 20 09 21 1F 00 00 00 00 00 00 00 00 00 00 00 00 00 00 22 1C 21 1B 1F 20 1F 25 1F 24 00 00 9C 74 00 00 58 04 00 00 24 6B 00 00 65 79 00 00 E8 15 00 00 77 53 00 00 74 6E 00 00 CC 6F 00 00 40 39 00 00 31 47 00 00 FF FF FF FF 9F 8C 00 00 65 79 00 00 FC DF 29 3D 8C 81 C9 3D 36 10 F0 40 17 3D 77 EE 
AA 55 40 01 00 B7 00 0C 01 05 01 21 01 00 0B 7E 42 32 F9 04 04 00 9C 47 50 53 3A 00 00 00 00 27 66 E8 3F 83 38 17 B3 95 E2 08 3F 0B 5C 4F B2 06 D6 E8 43 00 21 00 00 A2 16 06 00 EB 8B 04 00 58 79 C9 3D 58 75 17 3E E7 33 CF 40 00 00 00 00 11 13 0E 1F 09 16 0B 20 1E 18 00 00 00 00 00 00 00 00 00 00 00 00 00 00 23 1E 22 27 23 1F 1D 1D 21 1D 00 00 05 43 00 00 B7 52 00 00 78 32 00 00 F7 5C 00 00 09 5D 00 00 B1 53 00 00 D4 01 00 00 C3 47 00 00 00 15 00 00 23 18 00 00 FF FF FF FF 9F 8C 00 00 47 5D 00 00 6E 98 1B 3E 68 42 3A 3E 0E 9A D2 40 41 CC 77 EE 
AA 55 40 01 00 B7 00 0C 01 05 01 21 01 00 0B 7E 42 31 C4 04 04 00 9C 47 50 53 3A 00 00 00 00 D5 67 E8 3F CE E1 79 33 B9 DF 08 3F C0 40 B5 B1 27 0B F5 43 00 22 00 00 DF 0E 03 00 CC B5 02 00 24 22 87 3C B0 BA C9 3D 14 36 00 41 00 00 00 00 09 13 23 18 20 17 16 21 14 1E 00 00 00 00 00 00 00 00 00 00 00 00 00 00 29 25 20 25 20 23 24 24 1C 1F 00 00 04 88 00 00 04 88 00 00 04 88 00 00 29 40 00 00 2F 7A 00 00 C9 80 00 00 FB 87 00 00 03 88 00 00 D0 06 00 00 8C 4F 00 00 FF FF FF FF 9F 8C 00 00 04 88 00 00 5E 37 2A 3C B3 50 D4 3C 96 16 0C 41 D3 9E 77 EE 
